[   4.20720571  -85.28585739   -1.37865001  -92.11588264    0.62980417
  203.42980782]
[   4.20720571  -85.28793377   -1.37865001  -92.11380626    0.62637093
  203.43187054]
[   4.21061782  -85.28517437   -1.37865001  -92.11519962    0.62637093
  203.42774511]
[   4.20720571  -85.28793377   -1.37728397  -92.11519962    0.62843087
  203.43049084]
[   4.20924452  -85.28656773   -1.37865001  -92.11519962    0.63117746
  203.43118752]
[   4.21061782  -85.28449136   -1.37933302  -92.11380626    0.63049081
  203.42980782]
[   4.20993096  -85.28380834   -1.38001604  -92.11448928    0.62774422
  203.42980782]
[   4.21130425  -85.28725075   -1.37865001  -92.11448928    0.63117746
  203.42980782]
[   4.20924452  -85.28656773   -1.37657363  -92.11448928    0.62705758
  203.43118752]
[   4.21130425  -85.28861679   -1.37796699  -92.11380626    0.63049081
  203.43049084]
[   4.20924452  -85.28585739   -1.37933302  -92.11448928    0.62911752
  203.43049084]
[   4.20924452  -85.28725075   -1.37796699  -92.11656566    0.63049081
  203.43187054]
[   4.20924452  -85.28793377   -1.37657363  -92.11656566    0.62980417
  203.43049084]
[   4.21061782  -85.28725075   -1.37796699  -92.11448928    0.63117746
  203.43118752]
[   4.20924452  -85.28656773   -1.37657363  -92.11519962    0.62980417
  203.42912481]
[   4.20924452  -85.28449136   -1.38001604  -92.11380626    0.62911752
  203.42980782]
[   4.20924452  -85.28585739   -1.37796699  -92.11588264    0.63049081
  203.43118752]
[   4.20924452  -85.28517437   -1.37728397  -92.11656566    0.62843087
  203.43049084]
[   4.20855766  -85.28861679   -1.37933302  -92.11519962    0.62911752
  203.43187054]
[   4.20993096  -85.2824423    -1.37589061  -92.11448928    0.62774422
  203.43118752]
[   4.20993096  -85.28725075   -1.37728397  -92.11448928    0.62911752
  203.43187054]
[   4.21061782  -85.28725075   -1.37933302  -92.11588264    0.62980417
  203.43187054]
[   4.21199111  -85.28725075   -1.37589061  -92.11380626    0.62774422
  203.43049084]
[   4.20924452  -85.28585739   -1.37728397  -92.11519962    0.62980417
  203.43187054]
[   4.21061782  -85.28312532   -1.37657363  -92.11588264    0.63049081
  203.43118752]
[   4.20924452  -85.28861679   -1.37865001  -92.11312324    0.63117746
  203.43118752]
[   4.20993096  -85.28656773   -1.38069906  -92.11519962    0.62843087
  203.42980782]
[   4.20789257  -85.28585739   -1.37865001  -92.11448928    0.62980417
  203.43187054]
[   4.20924452  -85.28585739   -1.37796699  -92.11588264    0.62911752
  203.43118752]
[   4.20720571  -85.28656773   -1.37865001  -92.11588264    0.63049081
  203.43187054]
[   4.20924452  -85.28517437   -1.37796699  -92.11380626    0.62980417
  203.43118752]
[   4.20789257  -85.28449136   -1.37589061  -92.11448928    0.62911752
  203.43049084]
[   4.20924452  -85.28585739   -1.37933302  -92.11312324    0.63117746
  203.43118752]
[   4.20993096  -85.28380834   -1.37933302  -92.11588264    0.63117746
  203.43118752]
[   4.20993096  -85.28449136   -1.38001604  -92.11380626    0.62980417
  203.43049084]
[   4.20855766  -85.28517437   -1.38001604  -92.11588264    0.62911752
  203.43118752]
[   4.21061782  -85.28656773   -1.37589061  -92.11380626    0.62637093
  203.43049084]
[   4.20789257  -85.28312532   -1.37865001  -92.11448928    0.62843087
  203.42912481]
[   4.20924452  -85.28725075   -1.37933302  -92.11656566    0.62843087
  203.43118752]
[   4.20924452  -85.28312532   -1.37865001  -92.11519962    0.63049081
  203.43049084]
[   4.20855766  -85.28725075   -1.37728397  -92.11656566    0.62980417
  203.43118752]
[   4.21199111  -85.28517437   -1.37933302  -92.11519962    0.63117746
  203.43187054]
[   4.20924452  -85.28861679   -1.37728397  -92.11519962    0.62774422
  203.43255356]
[   4.20993096  -85.28585739   -1.37865001  -92.11588264    0.62843087
  203.43118752]
[   4.21130425  -85.28656773   -1.38001604  -92.11448928    0.62774422
  203.43049084]
[   4.21130425  -85.28585739   -1.37933302  -92.11519962    0.62911752
  203.43187054]
[   4.20924452  -85.28656773   -1.37728397  -92.11519962    0.62980417
  203.43187054]
[   4.21061782  -85.28585739   -1.37933302  -92.11519962    0.62705758
  203.43118752]
[   4.20924452  -85.28656773   -1.38277544  -92.11519962    0.62980417
  203.43118752]
[   4.20855766  -85.28725075   -1.37657363  -92.11448928    0.62911752
  203.43187054]
[   4.20993096  -85.28793377   -1.37933302  -92.11380626    0.62980417
  203.42912481]
[   4.21061782  -85.28585739   -1.37865001  -92.11588264    0.62774422
  203.43187054]
[   4.20993096  -85.28585739   -1.37589061  -92.11448928    0.62911752
  203.43049084]
[   4.20993096  -85.28725075   -1.37796699  -92.11312324    0.62980417
  203.43118752]
[   4.20924452  -85.28585739   -1.37796699  -92.11448928    0.62980417
  203.43255356]
[   4.21061782  -85.28861679   -1.37657363  -92.11448928    0.62980417
  203.42980782]
[   4.20924452  -85.28861679   -1.37728397  -92.11588264    0.63049081
  203.43118752]
[   4.21061782  -85.28517437   -1.38001604  -92.11656566    0.62980417
  203.42980782]
[   4.20924452  -85.28517437   -1.37865001  -92.11519962    0.62911752
  203.42980782]
[   4.20924452  -85.28656773   -1.37865001  -92.11656566    0.62911752
  203.43187054]
[   4.21199111  -85.28449136   -1.37589061  -92.11448928    0.62774422
  203.43049084]
[   4.20993096  -85.28793377   -1.37865001  -92.11588264    0.62980417
  203.42980782]
[   4.20924452  -85.28725075   -1.37865001  -92.11588264    0.63117746
  203.43187054]
[   4.21199111  -85.28793377   -1.37933302  -92.11588264    0.63117746
  203.43118752]
[   4.21061782  -85.28585739   -1.37933302  -92.11380626    0.62911752
  203.43049084]
[   4.20993096  -85.28585739   -1.37796699  -92.11588264    0.62911752
  203.42980782]
[   4.20993096  -85.28585739   -1.37865001  -92.11380626    0.62843087
  203.42912481]
[   4.20924452  -85.28585739   -1.37657363  -92.11519962    0.62705758
  203.43118752]
[   4.20855766  -85.28793377   -1.37796699  -92.11519962    0.62843087
  203.43049084]
[   4.20720571  -85.28793377   -1.37589061  -92.11656566    0.62980417
  203.42912481]
[   4.21130425  -85.28517437   -1.37796699  -92.11519962    0.62843087
  203.43118752]
[   4.21061782  -85.28449136   -1.37865001  -92.11588264    0.62911752
  203.43118752]
[   4.20993096  -85.28793377   -1.37933302  -92.11519962    0.62911752
  203.42980782]
[   4.20924452  -85.28517437   -1.37796699  -92.11519962    0.62911752
  203.42980782]
[   4.20993096  -85.28656773   -1.37796699  -92.11380626    0.62911752
  203.43187054]
[   4.20855766  -85.28793377   -1.37589061  -92.11448928    0.62843087
  203.42980782]
[   4.20855766  -85.28725075   -1.38001604  -92.11312324    0.62911752
  203.42980782]
[   4.20924452  -85.2824423    -1.37796699  -92.11588264    0.63049081
  203.43255356]
[   4.21130425  -85.28725075   -1.37796699  -92.11380626    0.62911752
  203.43255356]
[   4.21061782  -85.28585739   -1.37657363  -92.11519962    0.62843087
  203.42980782]
[   4.20924452  -85.28517437   -1.37728397  -92.11588264    0.62980417
  203.42980782]
[   4.21061782  -85.28656773   -1.37865001  -92.11519962    0.62980417
  203.43049084]
[   4.21061782  -85.28656773   -1.37728397  -92.11656566    0.62980417
  203.43049084]
[   4.20993096  -85.28585739   -1.37865001  -92.11519962    0.63117746
  203.42980782]
[   4.20924452  -85.28793377   -1.37865001  -92.11519962    0.63049081
  203.43118752]
[   4.21130425  -85.28725075   -1.37865001  -92.11380626    0.63049081
  203.43187054]
[   4.21061782  -85.28517437   -1.38001604  -92.11588264    0.62843087
  203.43187054]
[   4.20789257  -85.28380834   -1.37796699  -92.11380626    0.62774422
  203.42912481]
[   4.21130425  -85.28380834   -1.37728397  -92.11519962    0.62705758
  203.42980782]
[   4.21061782  -85.28725075   -1.37657363  -92.11380626    0.62911752
  203.43187054]
[   4.20993096  -85.28585739   -1.37796699  -92.11588264    0.62980417
  203.42980782]
[   4.20993096  -85.28449136   -1.37657363  -92.11519962    0.63049081
  203.43118752]
[   4.20789257  -85.28585739   -1.37865001  -92.11519962    0.62705758
  203.43049084]
[   4.20993096  -85.28585739   -1.37933302  -92.11312324    0.62980417
  203.43187054]
[   4.20924452  -85.28380834   -1.37865001  -92.11588264    0.62843087
  203.43049084]
[   4.21199111  -85.28861679   -1.37796699  -92.11448928    0.62911752
  203.42980782]
[   4.20855766  -85.28725075   -1.37728397  -92.11724868    0.62980417
  203.42980782]
[   4.21061782  -85.28585739   -1.37865001  -92.11448928    0.62774422
  203.43049084]
[   4.21061782  -85.28585739   -1.37657363  -92.11519962    0.62843087
  203.43049084]
[   4.20993096  -85.28449136   -1.37657363  -92.11448928    0.62843087
  203.43118752]
[   4.20993096  -85.28725075   -1.37865001  -92.11380626    0.63049081
  203.42912481]
[   4.20993096  -85.28517437   -1.37589061  -92.11448928    0.62705758
  203.43118752]
[   4.20993096  -85.28585739   -1.38069906  -92.11588264    0.62911752
  203.43118752]
[   4.21061782  -85.28312532   -1.37728397  -92.11588264    0.62911752
  203.43323658]
[   4.21061782  -85.28656773   -1.37865001  -92.11656566    0.62980417
  203.43049084]
[   4.21130425  -85.28312532   -1.37796699  -92.11519962    0.62774422
  203.43187054]
[   4.20993096  -85.28656773   -1.37520759  -92.11519962    0.62774422
  203.43255356]
[   4.21130425  -85.28793377   -1.37933302  -92.11380626    0.62911752
  203.43187054]
[   4.20993096  -85.28585739   -1.37728397  -92.11656566    0.62980417
  203.43118752]
[   4.21061782  -85.28793377   -1.37796699  -92.11588264    0.62843087
  203.43049084]
[   4.20993096  -85.28449136   -1.37933302  -92.11448928    0.63117746
  203.42912481]
[   4.21061782  -85.28725075   -1.38001604  -92.11656566    0.62911752
  203.42844179]
[   4.21199111  -85.28656773   -1.37865001  -92.11656566    0.62980417
  203.42912481]
[   4.20855766  -85.28725075   -1.37657363  -92.11312324    0.62774422
  203.43118752]
[   4.20924452  -85.28656773   -1.38069906  -92.11448928    0.62980417
  203.42980782]
[   4.21061782  -85.28793377   -1.37796699  -92.11588264    0.62911752
  203.43049084]
[   4.20924452  -85.28585739   -1.37728397  -92.11519962    0.63049081
  203.43049084]
[   4.20993096  -85.28449136   -1.37933302  -92.11519962    0.62911752
  203.43118752]
[   4.21061782  -85.28517437   -1.37728397  -92.11380626    0.62980417
  203.43118752]
[   4.20993096  -85.28656773   -1.37933302  -92.11312324    0.62705758
  203.43049084]
[   4.20993096  -85.28585739   -1.37728397  -92.11448928    0.63117746
  203.43049084]
[   4.21061782  -85.28517437   -1.37865001  -92.11588264    0.62637093
  203.43187054]
[   4.20789257  -85.28585739   -1.37728397  -92.11380626    0.62911752
  203.43049084]
[   4.20855766  -85.28449136   -1.37933302  -92.11656566    0.62980417
  203.43187054]
[   4.20924452  -85.28861679   -1.37796699  -92.11448928    0.62705758
  203.42980782]
[   4.21061782  -85.28380834   -1.38001604  -92.11448928    0.62911752
  203.43255356]
[   4.20993096  -85.28449136   -1.37728397  -92.11380626    0.62774422
  203.43049084]
[   4.20924452  -85.28725075   -1.37933302  -92.11588264    0.62911752
  203.42980782]
[   4.21061782  -85.28656773   -1.37728397  -92.11519962    0.62911752
  203.43118752]
[   4.20993096  -85.28793377   -1.37933302  -92.11656566    0.62980417
  203.42912481]
[   4.20993096  -85.28793377   -1.38001604  -92.11656566    0.63049081
  203.43255356]
[   4.21061782  -85.28585739   -1.37589061  -92.11380626    0.62774422
  203.43118752]
[   4.20924452  -85.28656773   -1.37796699  -92.11519962    0.62911752
  203.43187054]
[   4.21061782  -85.28517437   -1.37452457  -92.11656566    0.63049081
  203.43255356]
[   4.21061782  -85.28929981   -1.37865001  -92.11244022    0.63875198
  203.43393326]
[   4.22160418  -85.29479128   -1.38414148  -92.10694875    0.64836505
  203.44079077]
[   4.24149539  -85.3085063    -1.3944414   -92.09320641    0.66415788
  203.44904164]
[   4.28196427  -85.33530796   -1.41506857  -92.06643207    0.7115579
  203.47858904]
[   4.36908247  -85.39503114   -1.46175975  -92.02042391    0.79944851
  203.54866678]
[   4.45894727  -85.44931748   -1.51257635  -91.97580912    0.89081526
  203.61531576]
[   4.63455699  -85.56742511   -1.60874542  -91.88382013    1.07762573
  203.76577117]
[   4.85200887  -85.71441078   -1.7365246   -91.7526805     1.31456137
  203.94509096]
[   5.02349869  -85.84352868   -1.83955117  -91.64902555    1.49521357
  204.08730915]
[   5.31231879  -86.04542907   -2.00374892  -91.47878991    1.80495497
  204.32433038]
[   5.64774511  -86.27068871   -2.18920221  -91.28380167    2.16143129
  204.59505176]
[   5.90017354  -86.4341488    -2.31629837  -91.13963004    2.42104785
  204.7935917 ]
[   6.30902781  -86.70200149   -2.53336179  -90.90691183    2.84410721
  205.12820266]
[   6.60467169  -86.89565102   -2.69204074  -90.74214035    3.16208858
  205.37071536]
[   7.08075295  -87.21776274   -2.96199714  -90.47510728    3.67923977
  205.76099237]
[   7.60618745  -87.57765907   -3.26564003  -90.17711978    4.22799851
  206.1911167 ]
[   7.98347771  -87.83245244   -3.48543552  -89.96705048    4.60779929
  206.49683597]
[   8.59053639  -88.24453142   -3.82617999  -89.61898404    5.24856837
  206.98053631]
[   9.22780755  -88.68406775   -4.16621413  -89.25378749    5.92435625
  207.49584676]
[   9.67985679  -88.98557962   -4.40592645  -88.99839306    6.38932266
  207.86068814]
[  10.39669283  -89.45811943   -4.80366203  -88.58647801    7.1502544
  208.44058486]
[  11.14848407  -89.95948263   -5.24333496  -88.1622413     7.94485384
  209.05552046]
[  11.68286611  -90.31115541   -5.54968261  -87.8697726     8.50180881
  209.48769384]
[  12.5128485   -90.88737749   -5.99686875  -87.38649573    9.39183027
  210.16792604]
[  13.38881514  -91.49111157   -6.47153958  -86.90045947   10.29972549
  210.87427689]
[  14.00205428  -91.89906511   -6.81569915  -86.55859484   10.94869164
  211.36211632]
[  14.94179355  -92.53577535   -7.36389013  -86.01283541   11.91147596
  212.13029403]
[  15.9391668   -93.21027019   -7.89142662  -85.44786948   12.97041227
  212.94109213]
[  16.62164954  -93.6670186    -8.26443692  -85.06139006   13.6866481
  213.500389  ]
[  17.69311669  -94.38203012   -8.88270564  -84.45588013   14.80873463
  214.35929895]
[  18.41675645  -94.88342065   -9.29964771  -84.03440281   15.56342101
  214.95435869]
[  19.56504102  -95.6492761    -9.90485711  -83.38777514   16.7815955
  215.87785491]
[  20.746201    -96.45567555  -10.57325942  -82.72737781   18.02174099
  216.83981875]
[  21.56178535  -97.00722699  -11.03967938  -82.26060269   18.86427727
  217.49673268]
[  22.82186646  -97.84591958  -11.71013075  -81.54187554   20.20188444
  218.51437623]
[  24.12305848  -98.73266938  -12.45063254  -80.80877768   21.562815
  219.56711329]
[  25.01134166  -99.32684119  -12.95142201  -80.29872647   22.48360646
  220.28861349]
[  26.38184302 -100.24796051  -13.68025783  -79.53336279   23.93650552
  221.39838263]
[  27.75097151 -101.18834095  -14.4819308   -78.75220772   25.37839773
  222.5095178 ]
[  28.6667001  -101.81346718  -14.98064389  -78.22983485   26.33485132
  223.26127574]
[  30.04681495 -102.73805623  -15.72529843  -77.45419857   27.77876014
  224.38135846]
[  31.41525701 -103.66130656  -16.50910362  -76.66755202   29.22537201
  225.49803975]
[  32.32755172 -104.27337347  -16.99612343  -76.15411304   30.17832683
  226.23466199]
[  33.70011238 -105.17872871  -17.75930145  -75.36954287   31.61942503
  227.35410268]
[  34.60968185 -105.81210581  -18.28345016  -74.85408215   32.58607096
  228.10587428]
[  35.98086964 -106.72440052  -19.01433505  -74.07912889   34.0257519
  229.20814387]
[  37.35757282 -107.66417991  -19.81051654  -73.29390302   35.46195968
  230.32206576]
[  38.26576941 -108.29960607  -20.31611446  -72.77704895   36.42101045
  231.06355109]
[  39.64384545 -109.21400447  -21.04082485  -71.99458248   37.87092642
  232.17340219]
[  41.01850982 -110.14826507  -21.84798929  -71.21279902   39.31049807
  233.27841752]
[  41.93357075 -110.75762722  -22.32402615  -70.68498933   40.25716912
  234.01990285]
[  43.30754868 -111.68781703  -23.09135692  -69.91006338   41.71729964
  235.14076422]
[  44.68498268 -112.62011053  -23.86210279  -69.13103933   43.14305382
  236.2444135 ]
[  45.60352018 -113.24321502  -24.35048864  -68.62107008   44.09448892
  236.98316676]
[  46.96517987 -114.16518128  -25.13085141  -67.83931395   45.55180541
  238.10058571]
[  48.34950212 -115.10501531  -25.8864889   -67.06373231   46.99193713
  239.19598413]
[  49.26803962 -115.69997943  -26.37971052  -66.53458389   47.94744986
  239.93820713]
[  50.62768439 -116.63295595  -27.18343254  -65.75692588   49.38822362
  241.05357702]
[  52.00245462 -117.56186167  -27.91980889  -64.98822907   50.82826997
  242.16755355]
[  52.91483471 -118.16507666  -28.41923233  -64.45976367   51.78991621
  242.90770017]
[  54.28205416 -119.11185016  -29.21470348  -63.69519229   53.22444718
  244.01621255]
[  55.20477857 -119.72675843  -29.69008464  -63.17085233   54.18879818
  244.75909125]
[  56.57615761 -120.63711337  -30.47727761  -62.38570843   55.62399509
  245.8730951 ]
[  57.9406928  -121.58044445  -31.23633019  -61.62182007   57.06258319
  246.98638861]
[  58.85998163 -122.1850528   -31.71788585  -61.09748011   58.01865258
  247.72172678]
[  60.22728987 -123.10505196  -32.51404002  -60.32195311   59.46683027
  248.83777969]
[  61.59051367 -124.03398501  -33.25180973  -59.54850249   60.89987909
  249.94011758]
[  62.51534177 -124.63517826  -33.75393792  -59.0138626    61.85730086
  250.68572835]
[  63.8827115  -125.57309984  -34.54596665  -58.27885228   63.31019821
  251.79150866]
[  65.25145408 -126.49378201  -35.2748298   -57.49165932   64.74183318
  252.884175  ]
[  66.17632317 -127.09500259  -35.78933429  -56.95636373   65.70264272
  253.62229988]
[  67.54238149 -128.04868824  -36.5717188   -56.19802149   67.1479449
  254.73075762]
[  68.45010681 -128.65127485  -37.05737257  -55.66753436   68.09914436
  255.47227028]
[  69.82169758 -129.5665202   -37.83981172  -54.88312811   69.53341579
  256.58422508]
[  71.19192232 -130.51405868  -38.58785404  -54.11861138   70.98213306
  257.69891195]
[  72.1072428  -131.11596227  -39.07348049  -53.58946296   71.9408389
  258.43493314]
[  73.45418343 -132.03260098  -39.86004507  -52.83666684   73.35586286
  259.53377397]
[  74.7572196  -132.91831259  -40.55311803  -52.09411599   74.71943499
  260.58728967]
[  75.59986687 -133.47076561  -41.02502946  -51.60892667   75.61909385
  261.27110089]
[  76.82198578 -134.30975873  -41.72982302  -50.92883108   76.89754134
  262.25858232]
[  77.99746134 -135.11165026  -42.35833703  -50.25425427   78.15401611
  263.22551854]
[  78.7584537  -135.60364244  -42.77874883  -49.80474586   78.94797096
  263.83783133]
[  79.85505423 -136.36774937  -43.42720699  -49.19125827   80.10284666
  264.73739457]
[  80.57834394 -136.86181793  -43.81253894  -48.78980707   80.86180362
  265.31531054]
[  81.61801485 -137.53658598  -44.36482804  -48.17970726   81.94258543
  266.15506863]
[  82.60895235 -138.22236429  -44.94869993  -47.63004095   82.98216072
  266.95704212]
[  83.24103172 -138.66558893  -45.30384244  -47.28006206   83.64093246
  267.47313122]
[  84.16267695 -139.26959622  -45.77504354  -46.75785312   84.6160171
  268.21874199]
[  85.02739939 -139.87018841  -46.25793791  -46.254113     85.53549716
  268.92104936]
[  85.58259815 -140.25224187  -46.59660601  -45.94465079   86.1132697
  269.37460124]
[  86.38556202 -140.78341202  -47.04925631  -45.48691884   86.95934572
  270.02745804]
[  87.147374   -141.29398232  -47.4476749   -45.05459518   87.7614968
  270.63698413]
[  87.63191445 -141.62931729  -47.70596533  -44.77737146   88.26721083
  271.02663276]
[  88.31409325 -142.09521815  -48.09334634  -44.38346079   88.98357473
  271.58118948]
[  88.9462136  -142.51511086  -48.46840569  -44.02662439   89.65464082
  272.10274272]
[  89.34839563 -142.78648794  -48.69508601  -43.80360505   90.07733391
  272.42299663]
[  89.91049971 -143.17545355  -48.9959695   -43.47903446   90.67703818
  272.88340602]
[  90.25779433 -143.41666851  -49.1820785   -43.2779537    91.04138779
  273.1665037 ]
[  90.75540094 -143.75541858  -49.4458604   -42.99316213   91.56152035
  273.57126071]
[  91.21591961 -144.05365196  -49.69726601  -42.73375154   92.03633461
  273.93962648]
[  91.47195608 -144.23301272  -49.85662798  -42.57526383   92.32797003
  274.162236  ]
[  91.85493162 -144.48521063  -50.07918286  -42.3625171    92.7170381
  274.46527783]
[  92.18164689 -144.7147323   -50.27223133  -42.18069747   93.06216072
  274.7319011 ]
[  92.37931256 -144.85007933  -50.38211541  -42.07089534   93.27212757
  274.89342141]
[  92.64150303 -145.03151648  -50.52085022  -41.92609533   93.55069
  275.10160558]
[  92.86252113 -145.17995015  -50.63420404  -41.80670363   93.77852463
  275.27888997]
[  92.98332668 -145.26035514  -50.69603091  -41.73394845   93.9068229
  275.37855609]
[  93.13157594 -145.35242609  -50.7688134   -41.65160369   94.05503117
  275.49398629]
[  93.22560715 -145.41632934  -50.82170639  -41.59466723   94.15521639
  275.57370825]
[  93.26335078 -145.443131    -50.84438262  -41.57406738   94.1963956
  275.60873346]
[  93.28326078 -145.46099877  -50.85812496  -41.56308444   94.22038322
  275.62386916]
[  93.26678636 -145.45001583  -50.85744194  -41.5617184    94.22107307
  275.61906071]
[  93.23109862 -145.443131    -50.86842488  -41.55759297   94.22862043
  275.61837769]
[  93.1446216  -145.43146504  -50.90484345  -41.56652686   94.2629353
  275.61837769]
[  93.05883442 -145.42048209  -50.93093477  -41.56240142   94.30067893
  275.61906071]
[  92.88172762 -145.39846156  -50.98655983  -41.56996927   94.36174765
  275.62113709]
[  92.65592839 -145.36961084  -51.06215637  -41.57955886   94.44545162
  275.61906071]
[  92.48158098 -145.3434922   -51.11709841  -41.57338437   94.51270166
  275.61701165]
[  92.18713836 -145.29264827  -51.21736559  -41.58368429   94.62591204
  275.61906071]
[  91.84737743 -145.241094    -51.32796001  -41.58641637   94.75697654
  275.61906071]
[  91.6016682  -145.20194336  -51.41792726  -41.59535025   94.85509904
  275.62042675]
[  91.18504716 -145.13869581  -51.55873844  -41.59671629   95.01702234
  275.61632863]
[  90.71010312 -145.06930108  -51.72566826  -41.60496716   95.19200495
  275.61701165]
[  90.37377095 -145.01709112  -51.84178148  -41.60838225   95.32236594
  275.61906071]
[  89.83363959 -144.9270419   -52.03064987  -41.61865486   95.5233989
  275.61837769]
[  89.24475434 -144.8329219   -52.22711343  -41.63171418   95.74709443
  275.61837769]
[  88.82609789 -144.76486589  -52.3610671   -41.64269713   95.90697549
  275.61837769]
[  88.16858973 -144.66112898  -52.57602682  -41.66258664   96.15260276
  275.61906071]
[  87.46374836 -144.55116293  -52.80270713  -41.67356958   96.41951289
  275.61906071]
[  86.95314391 -144.47354466  -52.96275213  -41.68796762   96.6116666
  275.61906071]
[  86.16800683 -144.34983628  -53.22243592  -41.7003166    96.91426447
  275.61906071]
[  85.33418417 -144.21651099  -53.51023277  -41.71747404   97.23192291
  275.61837769]
[  84.75492949 -144.12512305  -53.71901799  -41.72709094   97.458371
  275.61974373]
[  83.84973818 -143.98906569  -54.03774194  -41.75591434   97.80349363
  275.61837769]
[  83.21630643 -143.89355232  -54.24106301  -41.76484823   98.04227704
  275.61837769]
[  82.2383941  -143.74167623  -54.55221911  -41.77853593   98.41418084
  275.61906071]
[  81.204201   -143.5815766   -54.88605144  -41.80806967   98.80526382
  275.61906071]
[  80.48777563 -143.46475305  -55.12439772  -41.82315072   99.07631987
  275.61906071]
[  79.36920921 -143.28746866  -55.5172702   -41.84443359   99.50171772
  275.61974373]
[  78.21909415 -143.11223332  -55.92118026  -41.86913156   99.9339799
  275.62113709]
[  77.42582915 -142.98923528  -56.18015372  -41.88902107  100.23864049
  275.61906071]
[  76.1920511  -142.79818122  -56.57163284  -41.91923782  100.71482761
  275.62182011]
[  74.92190912 -142.59546121  -56.99338336  -41.94530183  101.20131467
  275.61974373]
[  74.03332883 -142.45462271  -57.29975833  -41.9604102   101.53339164
  275.62042675]
[  72.67606779 -142.2491433   -57.77161511  -41.98852326  102.04389363
  275.61837769]
[  71.27766852 -142.03544034  -58.22292669  -42.01942304  102.57703088
  275.61906071]
[  70.31778105 -141.88080486  -58.528564    -42.03933987  102.94138049
  275.62182011]
[  68.87003367 -141.65270386  -59.02312434  -42.06676991  103.48617004
  275.61974373]
[  67.42436266 -141.42867365  -59.5382572   -42.1017678   104.03164944
  275.61769467]
[  66.45900421 -141.280923    -59.85012364  -42.12234033  104.3953092
  275.62042675]
[  64.99827263 -141.05276736  -60.2993042   -42.14979769  104.94628007
  275.62042675]
[  63.56093445 -140.82947482  -60.77807314  -42.17312962  105.48969675
  275.62113709]
[  62.60728978 -140.68582228  -61.11941868  -42.19646154  105.852653
  275.61906071]
[  61.16103821 -140.46386845  -61.59337916  -42.22941037  106.40432738
  275.62042675]
[  59.7155038  -140.23847221  -62.05149361  -42.2555017   106.94706104
  275.61837769]
[  58.75776101 -140.09009318  -62.37502601  -42.2788063   107.30589186
  275.62042675]
[  57.31363363 -139.86674599  -62.8908419   -42.31380419  107.85551035
  275.61906071]
[  55.87569439 -139.64684122  -63.36958352  -42.34538699  108.4119727
  275.62042675]
[  54.91801649 -139.49428212  -63.67180573  -42.35978503  108.7680851
  275.62042675]
[  53.4814672  -139.26959622  -64.14090312  -42.38379997  109.31765578
  275.62113709]
[  52.03811846 -139.0387085   -64.65057183  -42.41743182  109.86588091
  275.61974373]
[  51.07153399 -138.89371724  -64.97612597  -42.44144677  110.23297626
  275.61906071]
[  49.63436657 -138.67039738  -65.43495076  -42.47302956  110.76680336
  275.61974373]
[  48.19790265 -138.44295208  -65.90473117  -42.49909356  111.30884717
  275.61974373]
[  47.22928279 -138.29175901  -66.24197859  -42.52239817  111.68484908
  275.61974373]
[  45.79421565 -138.07188156  -66.75025395  -42.55193191  112.23375723
  275.61906071]
[  44.35367411 -137.84992774  -67.21385987  -42.57662987  112.77238595
  275.61974373]
[  43.38850691 -137.69876199  -67.51813114  -42.5999618   113.14083368
  275.62042675]
[  41.95552298 -137.47131669  -68.00717268  -42.62810218  113.68972134
  275.62042675]
[  40.99998976 -137.32564242  -68.34646916  -42.64799169  114.03487129
  275.61974373]
[  39.55809926 -137.10434429  -68.81832595  -42.6830169   114.58652518
  275.61906071]
[  38.11416995 -136.87760933  -69.28124885  -42.7090809   115.13817907
  275.62042675]
[  36.67575601 -136.6528961   -69.77097341  -42.74268543  115.68571435
  275.61769467]
[  35.71541775 -136.50585579  -70.11505102  -42.76191924  116.04046072
  275.61837769]
[  34.27700041 -136.27912083  -70.59655204  -42.78730023  116.5866163
  275.61974373]
[  32.82963892 -136.04752278  -71.05190709  -42.81680664  117.13967038
  275.62042675]
[  31.87483654 -135.89706737  -71.36852734  -42.83808951  117.51289924
  275.62042675]
[  30.43779547 -135.67579656  -71.87950745  -42.87103835  118.04329075
  275.61906071]
[  29.47200672 -135.52736289  -72.20642762  -42.89092786  118.406247
  275.61974373]
[  28.03356888 -135.30267699  -72.66388637  -42.91975125  118.95655534
  275.62042675]
[  26.60064813 -135.08004014  -73.13090739  -42.94991337  119.50271093
  275.62113709]
[  25.63211194 -134.92955741  -73.47225292  -42.9698302   119.86501148
  275.61974373]
[  24.19850475 -134.70487151  -73.97020103  -43.00622145  120.41597552
  275.61974373]
[  22.75807249 -134.48084131  -74.43036454  -43.02679398  120.96557352
  275.62113709]
[  21.79020224 -134.33035858  -74.73873392  -43.04395141  121.32511468
  275.61974373]
[  20.3518088  -134.10567267  -75.23050754  -43.07758327  121.86852453
  275.62042675]
[  18.91339316 -133.87891039  -75.73804524  -43.11326417  122.41608714
  275.61837769]
[  17.95719741 -133.73323612  -76.04985703  -43.13318101  122.7838655
  275.62113709]
[  16.51807314 -133.5051078   -76.50728846  -43.15990071  123.32799935
  275.62182011]
[  15.07485246 -133.28178794  -76.99490933  -43.18667505  123.87483796
  275.62113709]
[  14.12414818 -133.13338159  -77.33554452  -43.21344939  124.24329934
  275.61906071]
[  12.67747228 -132.91831259  -77.81903995  -43.24087943  124.79017893
  275.61701165]
[  11.23628871 -132.68674186  -78.27647138  -43.27246222  125.31987376
  275.62042675]
[  10.27869704 -132.53830818  -78.59306431  -43.29237906  125.68765213
  275.61974373]
[   8.84229887 -132.31362228  -79.1061208   -43.31980909  126.24276892
  275.61974373]
[   7.38669676 -132.09169578  -79.58549079  -43.34931551  126.7903042
  275.62113709]
[   6.43320321 -131.93913667  -79.8890244   -43.36439657  127.15739955
  275.62042675]
[   4.99538905 -131.71169137  -80.35675576  -43.39597936  127.70632819
  275.61974373]
[   3.55208171 -131.49528366  -80.86907459  -43.42480276  128.2511314
  275.62113709]
[   2.59170055 -131.34750568  -81.19943717  -43.44813469  128.60381505
  275.62042675]
[   1.15729807 -131.11735563  -81.65749698  -43.4804005   129.15002528
  275.62042675]
[  1.94149021e-01  -1.30968922e+02  -8.19658664e+01  -4.34996070e+01
   1.29521232e+02   2.75619744e+02]
[  -1.24231943 -130.74355304  -82.46310413  -43.53047945  130.07906761
  275.62042675]
[  -2.68911742 -130.51818411  -82.96446734  -43.55861983  130.61429489
  275.61906071]
[  -3.64681923 -130.36701837  -83.27625181  -43.57233485  130.97726481
  275.61906071]
[  -5.08678703 -130.14025609  -83.72813713  -43.60804308  131.52415805
  275.62182011]
[  -6.52746517 -129.91215509  -84.22124947  -43.63410708  132.06827824
  275.62113709]
[  -7.48106886 -129.76648082  -84.56185734  -43.65672867  132.42645336
  275.61974373]
[  -8.92797613 -129.54523733  -85.04191036  -43.6890218   132.98363288
  275.61837769]
[ -10.37004763 -129.31915807  -85.49726541  -43.71989426  133.53257518
  275.62182011]
[ -11.32094657 -129.1673093   -85.81659041  -43.73841773  133.88868758
  275.61906071]
[ -12.76238969 -128.94054702  -86.32822622  -43.76172233  134.43077238
  275.62042675]
[ -13.72703097 -128.7990255   -86.65582942  -43.78573728  134.80338652
  275.61974373]
[ -15.16306458 -128.57294624  -87.11593828  -43.81868611  135.35780663
  275.61974373]
[ -16.5963388  -128.34826034  -87.58637439  -43.8434114   135.89646267
  275.62250312]
[ -17.56718189 -128.19985399  -87.92149079  -43.866716    136.25328541
  275.62042675]
[ -19.00463618 -127.98754439  -88.41594184  -43.89969216  136.80567013
  275.61974373]
[ -20.4462159  -127.76009909  -88.8815695   -43.92851555  137.36216662
  275.62113709]
[ -21.41025612 -127.60825032  -89.18993888  -43.94635601  137.71692665
  275.62113709]
[ -22.84776506 -127.38493046  -89.68917107  -43.9758351   138.2638199
  275.62182011]
[ -24.29221346 -127.16163791  -90.18911359  -44.01014997  138.81345888
  275.62113709]
[ -25.24669142 -127.00702975  -90.50434049  -44.02799043  139.17577309
  275.61974373]
[ -26.69458224 -126.77824573  -90.95827486  -44.05817986  139.71169706
  275.62182011]
[ -28.13012408 -126.55216647  -91.45133255  -44.08495421  140.26889023
  275.62113709]
[ -29.05034181 -126.4064922   -91.79609318  -44.10760311  140.6346332
  275.62182011]
[ -30.49558251 -126.18595905  -92.27196612  -44.13369444  141.18084343
  275.62113709]
[ -31.93740813 -125.95851375  -92.73073627  -44.16385655  141.72295554
  275.61974373]
[ -32.88650389 -125.81079042  -93.05279335  -44.18650546  142.09212727
  275.61974373]
[ -34.33250958 -125.59094029  -93.5657952   -44.21396282  142.64180723
  275.61906071]
[ -35.29603071 -125.44799809  -93.88785228  -44.23385233  142.99725027
  275.62042675]
[ -36.73247413 -125.21992441  -94.3438357   -44.26680116  143.53593363
  275.61974373]
[ -38.17167695 -124.99176877  -94.81905295  -44.2969906   144.09245745
  275.62318614]
[ -39.14079883 -124.83926431  -95.15690142  -44.32034985  144.46303619
  275.62182011]
[ -40.57800724 -124.6173378   -95.65545059  -44.34504781  144.99964317
  275.62042675]
[ -42.0159533  -124.39262458  -96.11143402  -44.37589294  145.55135853
  275.62113709]
[ -42.97961103 -124.24285219  -96.41909306  -44.39854185  145.91644581
  275.62042675]
[ -44.42173717 -124.02297474  -96.91627619  -44.42668223  146.45995128
  275.62113709]
[ -45.37583264 -123.87596175  -97.25412467  -44.44864812  146.81678768
  275.62113709]
[ -46.81730308 -123.65679464  -97.72794855  -44.47952057  147.37194546
  275.62113709]
[ -48.2601942  -123.42593425  -98.18734707  -44.50902699  147.92024572
  275.62042675]
[ -49.21439895 -123.2775279   -98.51765502  -44.5282608   148.28530567
  275.62113709]
[ -50.64841083 -123.05076562  -99.03131257  -44.55364179  148.82882481
  275.62113709]
[ -52.09687539 -122.83020515  -99.49688558  -44.58724632  149.37713873
  275.62250312]
[ -53.05728195 -122.67701766  -99.79834281  -44.60579711  149.74084631
  275.62182011]
[ -54.49006439 -122.45096572 -100.27899689  -44.63393749  150.27819095
  275.61974373]
[ -55.93587883 -122.23453069 -100.788529    -44.67169478  150.8237728
  275.62113709]
[ -56.89497399 -122.08680736 -101.10993038  -44.69226731  151.19294452
  275.62113709]
[ -58.2742624  -121.86692991 -101.54938475  -44.71833131  151.72411468
  275.61974373]
[ -59.17781446 -121.71855088 -101.84190809  -44.73207365  152.06037855
  275.61974373]
[ -60.48847312 -121.52066664 -102.29647084  -44.75403954  152.55656447
  275.61974373]
[ -61.73607547 -121.32141636 -102.7345865   -44.78491199  153.03283356
  275.62042675]
[ -62.5579658  -121.19363718 -102.99621006  -44.80204211  153.34575185
  275.62182011]
[ -63.73688377 -121.00812924 -103.36908375  -44.82676739  153.78843007
  275.62250312]
[ -64.87807178 -120.83428727 -103.74537253  -44.85351441  154.21800799
  275.62113709]
[ -65.6134919  -120.71814673 -104.003581    -44.86862279  154.50281321
  275.62250312]
[ -66.67438421 -120.55670838 -104.38328488  -44.89468679  154.90497475
  275.62182011]
[ -67.6865636  -120.40005116 -104.71840128  -44.90979517  155.29137221
  275.62042675]
[ -68.33548621 -120.29770761 -104.92164039  -44.91941208  155.53359804
  275.62113709]
[ -69.27900854 -120.15410971 -105.22102124  -44.93998461  155.88979241
  275.61974373]
[ -70.16966521 -120.01187785 -105.51903605  -44.95509299  156.23363779
  275.62182011]
[ -70.7382648  -119.92393233 -105.72090913  -44.9715674   156.45667079
  275.62113709]
[ -71.5534069  -119.79547014 -106.00589194  -44.98528242  156.76825036
  275.61974373]
[ -72.0712172  -119.71577549 -106.18924154  -45.00036348  156.96452267
  275.61974373]
[ -72.80532593 -119.5975859  -106.42542948  -45.01069073  157.24247039
  275.62113709]
[ -73.51337066 -119.49248295 -106.64517032  -45.02437842  157.49436777
  275.62182011]
[ -73.93574956 -119.42513728 -106.78592686  -45.03467835  157.65767759
  275.62113709]
[ -74.54833557 -119.3261815  -106.97818303  -45.05186311  157.89446659
  275.62386916]
[ -75.12455764 -119.23277183 -107.17459195  -45.06486779  158.10995906
  275.62113709]
[ -75.47341639 -119.18329394 -107.29472131  -45.0683102   158.24859824
  275.62042675]
[ -75.96379665 -119.10428231 -107.46916435  -45.0806865   158.43731637
  275.62113709]
[ -76.41568196 -119.03486027 -107.62844436  -45.08891005  158.60891804
  275.62113709]
[ -76.69041949 -118.99434359 -107.72319274  -45.09303549  158.71116597
  275.62182011]
[ -77.05922239 -118.93732517 -107.84815788  -45.10538447  158.84980515
  275.62113709]
[ -77.27625848 -118.90298298 -107.92165072  -45.10330809  158.93352961
  275.61906071]
[ -77.56880914 -118.8603626  -108.01571608  -45.1101656   159.04538079
  275.62182011]
[ -77.81404025 -118.82328833 -108.09538341  -45.10948258  159.13526608
  275.62113709]
[ -77.9513817  -118.80334418 -108.13794915  -45.11705043  159.1867657
  275.62182011]
[ -78.12377567 -118.77654252 -108.19289119  -45.11773345  159.25198035
  275.62113709]
[ -78.257019   -118.75867474 -108.23338055  -45.1225419   159.29382209
  275.62113709]
[ -78.31537614 -118.74698146 -108.25190402  -45.1225419   159.31923039
  275.61906071]
[ -78.36553705 -118.74288334 -108.26288697  -45.12666734  159.33637417
  275.62113709]
[ -78.3579692  -118.74288334 -108.25947187  -45.13901632  159.33362843
  275.61769467]
[ -78.34146746 -118.74288334 -108.24023806  -45.13969934  159.30686775
  275.60941648]
[ -78.30234414 -118.72364953 -108.19357421  -45.1643973   159.23344321
  275.57851671]
[ -78.2412276  -118.69479881 -108.11598326  -45.19731881  159.11951566
  275.53179821]
[ -78.18833462 -118.67143957 -108.04251775  -45.22890161  159.01654373
  275.48095428]
[ -78.08530805 -118.62472107 -107.9079357   -45.28928048  158.81684266
  275.38885601]
[ -77.95343075 -118.5759262  -107.73898414  -45.36135264  158.56771834
  275.27066642]
[ -77.85452961 -118.5347265  -107.60992088  -45.41965513  158.37691017
  275.18476996]
[ -77.68421202 -118.47011291 -107.39086306  -45.51574223  158.05299528
  275.03770233]
[ -77.49673698 -118.39662007 -107.14986666  -45.62620005  157.68583163
  274.87003484]
[ -77.35800218 -118.3347932  -106.97542363  -45.70652308  157.4188532
  274.74564344]
[ -77.12930013 -118.23583742 -106.68432097  -45.83277229  156.97688532
  274.54363376]
[ -76.86691158 -118.1348599  -106.34852155  -45.97486755  156.47933336
  274.31547813]
[ -76.68080259 -118.06546518 -106.10339972  -46.08395933  156.12108993
  274.15879359]
[ -76.38065675 -117.94659257 -105.70511773  -46.25001489  155.55557759
  273.90113153]
[ -76.16569704 -117.85728102 -105.43322156  -46.37011694  155.15135334
  273.71488593]
[ -75.83877687 -117.71920191 -105.02054153  -46.56499589  154.50487593
  273.41528651]
[ -75.48510967 -117.57423798 -104.55565153  -46.7708578   153.81584645
  273.10604287]
[ -75.23165501 -117.46910771 -104.2129946   -46.91429177  153.33479623
  272.88684844]
[ -74.82856457 -117.30971841 -103.68493902  -47.13389601  152.5668644
  272.53982019]
[ -74.39932816 -117.14756972 -103.16103619  -47.37543882  151.75295173
  272.17424114]
[ -74.10538414 -117.02940745 -102.77991163  -47.5421774   151.17853282
  271.9185735 ]
[ -73.65213278 -116.84048442 -102.16188879  -47.80295402  150.28436544
  271.50971838]
[ -73.33141442 -116.70169497 -101.74303427  -47.98551132  149.67427928
  271.22454432]
[ -72.8163362  -116.50725315 -101.11129642  -48.28472824  148.70941944
  270.78268572]
[ -72.29371744 -116.28947939 -100.40674874  -48.58940932  147.6882925
  270.3311829 ]
[ -71.74022623 -116.05930202  -99.70220107  -48.8975055   146.62738654
  269.84052943]
[ -71.3542659  -115.9150211   -99.22974323  -49.11989645  145.89861901
  269.50929257]
[ -70.7636731  -115.67525414  -98.42976415  -49.44173497  144.76013576
  268.99320348]
[ -70.35921662 -115.495265    -97.91198117  -49.67232215  143.97579782
  268.63931772]
[ -69.73499197 -115.26098951  -97.11060873  -50.05112445  142.77149886
  268.08681006]
[ -69.06475917 -114.985487    -96.24945848  -50.41965413  141.50474466
  267.5164073 ]
[ -68.61150782 -114.80413182  -95.68498433  -50.67491196  140.64082135
  267.12129451]
[ -67.92758732 -114.54237165  -94.76615996  -51.06677358  139.29929024
  266.51859862]
[ -67.19697564 -114.22771849  -93.86861846  -51.46617572  137.92277489
  265.88500295]
[ -66.71285183 -114.04357659  -93.22447698  -51.76126721  136.97172569
  265.45620368]
[ -65.9650554  -113.71108298  -92.25136627  -52.17714377  135.53417578
  264.79717238]
[ -65.20562033 -113.43558047  -91.27005933  -52.61566923  134.08221416
  264.14087317]
[ -64.71125124 -113.21573034  -90.63482442  -52.89223725  133.12840557
  263.7093145 ]
[ -63.95730763 -112.92856187  -89.65963733  -53.32663729  131.68470848
  263.05716803]
[ -63.21024886 -112.61049362  -88.69065205  -53.74800532  130.24856559
  262.39193493]
[ -62.72068822 -112.41673481  -88.04992567  -54.04517319  129.27284574
  261.95485746]
[ -61.96332953 -112.10071562  -87.07678764  -54.46104974  127.84425704
  261.30339402]
[ -61.45661145 -111.89736723  -86.4284934   -54.74103286  126.88018949
  260.86768259]
[ -60.71783087 -111.60194789  -85.44713182  -55.16308391  125.45985166
  260.21274941]
[ -59.95503535 -111.30860492  -84.48907485  -55.60303005  124.03471903
  259.55440114]
[ -59.46134927 -111.110748    -83.82979767  -55.88782162  123.06998213
  259.11800669]
[ -58.71847058 -110.79401847  -82.8758388   -56.31126603  121.62359395
  258.4596311 ]
[ -57.96255988 -110.48764351  -81.89100749  -56.72990198  120.18817505
  257.80751196]
[ -57.46892845 -110.27262915  -81.25437922  -57.01196147  119.2337654
  257.36904113]
[ -56.71717051 -109.99163517  -80.2667885   -57.45119728  117.79148899
  256.71823339]
[ -56.21047976 -109.77522745  -79.63425835  -57.72571624  116.82676575
  256.28596438]
[ -55.47038778 -109.49562683  -78.65486386  -58.15049937  115.39138784
  255.62758878]
[ -54.71245535 -109.1775859   -77.69953896  -58.55954574  113.94908411
  254.96853017]
[ -54.21199373 -108.98797985  -77.04504291  -58.85534757  112.98370517
  254.53219036]
[ -53.47673752 -108.66302677  -76.08212285  -59.27944768  111.54213228
  253.88479771]
[ -52.71746637 -108.36900079  -75.09999628  -59.72078718  110.11564727
  253.23194091]
[ -52.22388958 -108.15464213  -74.45989828  -59.99322976  109.15162071
  252.79005499]
[ -51.4756287  -107.86064347  -73.49558485  -60.41872323  107.70455634
  252.13648785]
[ -50.71359815 -107.53844978  -72.52856667  -60.83670349  106.27601545
  251.47674622]
[ -50.22690619 -107.35160313  -71.88226685  -61.13592041  105.30925681
  251.04240083]
[ -49.47935565 -107.04522816  -70.90765349  -61.55387335  103.86629056
  250.38817799]
[ -48.97340256 -106.83909305  -70.26479609  -61.83388378  102.90844532
  249.94902415]
[ -48.23822832 -106.53960292  -69.27783375  -62.25735551  101.46683144
  249.30029278]
[ -47.4721543  -106.23871943  -68.32518629  -62.69522528  100.0142756
  248.64331054]
[ -46.97450672 -106.04359458  -67.66511681  -62.98209322   99.06670297
  248.19934825]
[ -46.23523436 -105.73380452  -66.71042028  -63.4007565    97.62784166
  247.54509809]
[ -45.47741121 -105.43909552  -65.72203727  -63.82081313   96.18760065
  246.89497336]
[ -44.97908061 -105.21856237  -65.08945247  -64.104949     95.23316367
  246.45928926]
[ -44.23571014 -104.92664009  -64.10866463  -64.54626119   93.78880406
  245.80091366]
[ -43.47862465 -104.60308037  -63.1552795   -64.96626318   92.35470339
  245.1460078 ]
[ -42.98922794 -104.42172518  -62.49247794  -65.2552075    91.38586838
  244.70893034]
[ -42.23214245 -104.10780969  -61.53226263  -65.6683793    89.94352367
  244.05399716]
[ -41.72971374 -103.92301209  -60.89139964  -65.95806129   88.98357473
  243.61691969]
[ -40.99393844 -103.61046263  -59.92498251  -66.3787463    87.53711142
  242.96062048]
[ -40.2279737  -103.31987907  -58.9372552   -66.82213486   86.10161739
  242.30361092]
[ -39.7324025  -103.09664116  -58.29021772  -67.0959708    85.1546868
  241.86380138]
[ -38.99187339 -102.80537458  -57.32997508  -67.52976978   83.69925545
  241.20889552]
[ -38.23415952 -102.48733365  -56.35735614  -67.94499064   82.26577633
  240.55532838]
[ -37.74066469 -102.29841062  -55.71922523  -68.24218583   81.31400313
  240.10795099]
[ -36.99396109 -101.99342901  -54.73903844  -68.65948307   79.86816136
  239.45714324]
[ -36.23559153 -101.70355578  -53.77945151  -69.08847359   78.42710756
  238.8029204 ]
[ -35.75105791 -101.49539894  -53.12006504  -69.36370289   77.46299221
  238.36996837]
[ -34.99268835 -101.17738533  -52.16116113  -69.80435938   76.02669905
  237.71506251]
[ -34.49170763 -100.98160479  -51.49622855  -70.09262068   75.05707173
  237.27385961]
[ -33.74981248 -100.66905533  -50.54352644  -70.51611973   73.6228208
  236.61895376]
[ -32.99149756 -100.37505667  -49.56538871  -70.93617636   72.1755447
  235.96817333]
[ -32.49737435 -100.16280171  -48.92930686  -71.2182905    71.21821172
  235.52833647]
[ -31.75416781  -99.8859878   -47.94633335  -71.65826396   69.78391298
  234.87684571]
[ -30.99516987  -99.55832997  -46.98813977  -72.08310173   68.34893121
  234.21300596]
[ -30.50588244  -99.37560875  -46.32252418  -72.37070733   67.38816265
  233.7752728 ]
[ -29.75376933  -99.05002729  -45.37045045  -72.77633861   65.94970432
  233.122416  ]
[ -28.99955252  -98.76496251  -44.38955332  -73.20948188   64.5050715
  232.47371195]
[ -28.53840547  -98.5451397   -43.74869033  -73.49432809   63.55383106
  232.03390241]
[ -27.76708586  -98.2552938   -42.77598943  -73.94047605   62.0913168
  231.37626447]
[ -27.27096824  -98.03410495  -42.12755859  -74.20816482   61.1449053
  230.94194641]
[ -26.52437393  -97.74286568  -41.17067641  -74.63442327   59.71116663
  230.28359813]
[ -25.76474761  -97.41384181  -40.19114532  -75.04898843   58.2602637
  229.62800925]
[ -25.26726395  -97.22907153  -39.55162105  -75.3510194    57.31103816
  229.18822703]
[ -24.52479507  -96.92275121  -38.57687109  -75.76970999   55.8690213
  228.53949567]
[ -24.01772182  -96.72284523  -37.94764675  -76.05734292   54.90125862
  228.10381156]
[ -23.27801233  -96.43160597  -36.95363566  -76.47466748   53.46329207
  227.44412457]
[ -22.51980669  -96.12389229  -36.0036383   -76.90641739   52.02947144
  226.7837409 ]
[ -22.01751458  -95.92196457  -35.33250392  -77.19197394   51.06438961
  226.34875347]
[ -21.28124751  -95.60804908  -34.38865374  -77.61823239   49.62022466
  225.69592399]
[ -20.52719463  -95.3099523   -33.39264823  -78.03145883   48.18082376
  225.0486133 ]
[ -20.02629587  -95.10253312  -32.76683898  -78.31360029   47.22670781
  224.60469199]
[ -19.28251559  -94.82159378  -31.78039574  -78.7487653    45.77627616
  223.95049647]
[ -18.52433728  -94.5077056   -30.83034374  -79.18327462   44.33200192
  223.30042638]
[ -18.03308275  -94.32088627  -30.17021962  -79.46883116   43.37578568
  222.86340356]
[ -17.28312798  -93.99393877  -29.20713563  -79.8779595    41.95481264
  222.20164019]
[ -16.53046845  -93.70272683  -28.22550084  -80.29667741   40.48919065
  221.55092807]
[ -16.03440547  -93.48017194  -27.59078502  -80.57881887   39.54391637
  221.11801702]
[ -15.28860346  -93.19376845  -26.61324835  -81.02909226   38.11052263
  220.46589788]
[ -14.78292357  -92.97465598  -25.95653932  -81.2947593    37.13570095
  220.02749536]
[ -14.04471673  -92.69101189  -25.00583163  -81.73271102   35.70430162
  219.36644233]
[ -13.28588271  -92.36614077  -24.03039865  -82.14937988   34.26603795
  218.73842009]
[ -12.79192343  -92.18137049  -23.39633853  -82.45212119   33.29183783
  218.29244972]
[ -12.04338934  -91.8667993   -22.40511416  -82.86605797   31.85696193
  217.63828152]
[ -11.28665902  -91.58449392  -21.45301311  -83.29578616   30.41382492
  216.97725582]
[ -10.78991302  -91.37090025  -20.78253442  -83.5683107    29.44164312
  216.54366175]
[ -10.04416565  -91.07556287  -19.84488605  -84.0048964    28.00052443
  215.88609212]
[  -9.5412998   -90.87295213  -19.17167528  -84.28979725   27.0434049
  215.45252537]
[  -8.79691846  -90.55564887  -18.2278251   -84.72086414   25.60224352
  214.79011996]
[  -8.03950513  -90.25345398  -17.22692918  -85.13411791   24.15485984
  214.14216724]
[  -7.54281377  -90.04740083  -16.60043691  -85.41765272   23.20250266
  213.70241234]
[  -6.80736632  -89.76099734  -15.62292756  -85.83779132   21.77636257
  213.05791569]
[  -6.08566121  -89.4636109   -14.72511285  -86.25446018   20.40034583
  212.42986613]
[  -5.62396774  -89.28916787  -14.10821017  -86.52561869   19.49944559
  212.01897561]
[  -4.95234158  -88.99451351  -13.23443773  -86.89701706   18.20782267
  211.42944832]
[  -4.50780555  -88.83446852  -12.68422501  -87.14967941   17.3652659
  211.04878822]
[  -3.87319902  -88.56183469  -11.82894872  -87.49769121   16.14503211
  210.49637618]
[  -3.27361769  -88.3262478   -11.06921312  -87.86359811   14.97078258
  209.96386731]
[  -2.87366913  -88.16347073  -10.53752387  -88.09153518   14.21954885
  209.61824608]
[  -2.29878577  -87.92862151   -9.80043718  -88.41004056   13.12490773
  209.11872703]
[  -1.75753426  -87.70677696   -9.11348407  -88.72379213   12.06185111
  208.63983514]
[  -1.40217318  -87.56118465   -8.62922366  -88.91943607   11.39642762
  208.33340554]
[  -0.88766869  -87.35442116   -7.97937214  -89.20433692   10.41647732
  207.88609645]
[  -0.4095008   -87.15388681   -7.37006462  -89.48647837    9.4996764
  207.46907242]
[ -1.02196933e-01  -8.70282113e+01  -6.95101886e+00  -8.96643092e+01
   8.90285276e+00   2.07203146e+02]
[   0.33340931  -86.85169192   -6.37949595  -89.9135018     8.04510395
  206.81426218]
[   0.61808826  -86.7397861    -6.03397034  -90.07622423    7.51080813
  206.56623069]
[   1.02215766  -86.58113447   -5.51121498  -90.29864251    6.73133627
  206.21376561]
[   1.40560629  -86.43005068   -4.9939511   -90.51903905    6.00952145
  205.88190038]
[   1.64159776  -86.33112222   -4.68481673  -90.65288344    5.55006999
  205.67303319]
[   1.97912693  -86.19238742   -4.26443225  -90.8457953     4.89417333
  205.37141204]
[   2.29740862  -86.05917141   -3.86601366  -91.02430913    4.29599774
  205.09522651]
[   2.49565614  -85.98087012   -3.60359779  -91.13550461    3.92374987
  204.92346091]
[   2.77555004  -85.87030302   -3.23195354  -91.2941016     3.38737255
  204.68366663]
[   3.0231715   -85.77071886   -2.90773812  -91.44103263    2.89903879
  204.46724526]
[   3.17822469  -85.70342784   -2.71747637  -91.52818584    2.60442498
  204.33259491]
[   3.38333847  -85.61895206   -2.46055197  -91.64490011    2.21565488
  204.14981905]
[   3.54111691  -85.55575915   -2.25307814  -91.73484005    1.90593483
  204.01173994]
[   3.62342859  -85.51934058   -2.14319406  -91.78013786    1.74453021
  203.93685375]
[   3.71809971  -85.47885122   -2.01060643  -91.8350799     1.56250481
  203.85373035]
[   3.76541371  -85.46510888   -1.95082861  -91.85843915    1.47598744
  203.81591842]
[   3.81686936  -85.45068352   -1.88422061  -91.88862858    1.38050087
  203.7698966 ]
[   3.84566544  -85.44450903   -1.84711902  -91.90097757    1.3331223
  203.74655102]
[   3.84978533  -85.44382601   -1.84023419  -91.89961153    1.32692102
  203.74174256]
[   3.8463523   -85.44655808   -1.84231057  -91.89892851    1.33449559
  203.7444883 ]
[   3.8477256   -85.44314299   -1.84370393  -91.89892851    1.3331223
  203.74585434]
[   3.8477256   -85.44587507   -1.84506996  -91.90166059    1.32966761
  203.74655102]
[   3.8477256   -85.44792412   -1.84506996  -91.90029455    1.33035426
  203.74517132]
[   3.84841203  -85.44314299   -1.84370393  -91.90029455    1.32966761
  203.74585434]
[   3.8463523   -85.44655808   -1.84575298  -91.89892851    1.32760767
  203.74517132]
[   3.84841203  -85.44314299   -1.84299359  -91.90029455    1.32280114
  203.7444883 ]
[   3.8477256   -85.44587507   -1.84299359  -91.89821817    1.32280114
  203.74517132]
[   3.8477256   -85.44382601   -1.84231057  -91.90166059    1.32211449
  203.7444883 ]
[   3.84978533  -85.44382601   -1.84370393  -91.90302662    1.32280114
  203.7431086 ]
[   3.85047219  -85.44587507   -1.84506996  -91.90373696    1.32142784
  203.7431086 ]
[   3.84841203  -85.44792412   -1.84438694  -91.90441998    1.31868125
  203.74174256]
[   3.84703874  -85.44174963   -1.84506996  -91.90646904    1.32211449
  203.73967985]
[   3.84566544  -85.43901756   -1.846436    -91.90578602    1.3193679
  203.74380528]
[   3.84703874  -85.44106661   -1.84299359  -91.90715206    1.3193679
  203.74242558]
[   3.8463523   -85.43970057   -1.84506996  -91.90715206    1.31868125
  203.74105955]
[   3.8477256   -85.43901756   -1.84162755  -91.90715206    1.31730796
  203.74105955]
[   3.84703874  -85.43970057   -1.84506996  -91.90646904    1.3179946
  203.74174256]
[   3.84909889  -85.43557514   -1.84506996  -91.90646904    1.31662131
  203.74242558]
[   3.84703874  -85.43833454   -1.84299359  -91.90783508    1.31730796
  203.74105955]
[   3.84566544  -85.43625816   -1.84299359  -91.90783508    1.31662131
  203.74174256]
[   3.84978533  -85.43901756   -1.84370393  -91.90715206    1.3179946
  203.74105955]
[   3.84909889  -85.43557514   -1.84506996  -91.90783508    1.31730796
  203.74242558]
[   3.84909889  -85.43489212   -1.84370393  -91.90715206    1.31318807
  203.73967985]
[   3.84841203  -85.43489212   -1.84438694  -91.9085181     1.31593466
  203.73828649]
[   3.84841203  -85.43694118   -1.84506996  -91.90922844    1.31730796
  203.73967985]
[   3.84703874  -85.43625816   -1.84438694  -91.9085181     1.31524801
  203.73967985]
[   3.84841203  -85.43489212   -1.84575298  -91.90783508    1.31250142
  203.73896951]
[   3.84909889  -85.43694118   -1.84231057  -91.90783508    1.31456137
  203.73967985]
[   3.84841203  -85.43625816   -1.84506996  -91.9085181     1.31112813
  203.73828649]
[   3.8477256   -85.43833454   -1.84299359  -91.90922844    1.31250142
  203.74105955]
[   3.84566544  -85.43765152   -1.84438694  -91.90991145    1.31387472
  203.73828649]
[   3.84703874  -85.43557514   -1.84506996  -91.90991145    1.31181478
  203.73828649]
[   3.8463523   -85.43765152   -1.84575298  -91.90991145    1.31318807
  203.73896951]
[   3.84703874  -85.43489212   -1.84575298  -91.90922844    1.31318807
  203.74174256]
[   3.84909889  -85.4342091    -1.84162755  -91.91127749    1.31387472
  203.73622377]
[   3.84703874  -85.43694118   -1.84299359  -91.90991145    1.31318807
  203.73896951]
[   3.84841203  -85.43765152   -1.84438694  -91.90991145    1.31112813
  203.73967985]
[   3.84703874  -85.43489212   -1.84299359  -91.91127749    1.31387472
  203.73760347]
[   3.8477256   -85.43625816   -1.84438694  -91.9085181     1.31456137
  203.73760347]
[   3.84978533  -85.43489212   -1.84438694  -91.9085181     1.31593466
  203.73760347]
[   3.84909889  -85.43625816   -1.84438694  -91.91127749    1.31662131
  203.73967985]
[   3.8477256   -85.43352608   -1.84299359  -91.90922844    1.31662131
  203.73828649]
[   3.8477256   -85.43625816   -1.84506996  -91.90783508    1.31662131
  203.73690679]
[   3.84841203  -85.43625816   -1.84370393  -91.90991145    1.31593466
  203.73896951]
[   3.84909889  -85.43557514   -1.84299359  -91.90991145    1.31662131
  203.73967985]
[   3.84909889  -85.43489212   -1.846436    -91.9085181     1.3179946
  203.73760347]
[   3.84703874  -85.43694118   -1.84438694  -91.91127749    1.31662131
  203.73828649]
[   3.84909889  -85.4342091    -1.84299359  -91.90991145    1.3179946
  203.73760347]
[   3.84909889  -85.43557514   -1.84438694  -91.91059447    1.3179946
  203.73760347]
[   3.85047219  -85.43557514   -1.84438694  -91.90922844    1.31662131
  203.73760347]
[   3.84566544  -85.43625816   -1.84370393  -91.90991145    1.31593466
  203.73896951]
[   3.84909889  -85.43694118   -1.84506996  -91.91059447    1.31524801
  203.73760347]
[   3.84841203  -85.43833454   -1.84438694  -91.91127749    1.31662131
  203.73760347]
[   3.84703874  -85.43213272   -1.84506996  -91.91059447    1.31730796
  203.73760347]
[   3.84909889  -85.43625816   -1.84506996  -91.90991145    1.31868125
  203.73760347]
[   3.84909889  -85.43352608   -1.84506996  -91.90922844    1.31662131
  203.73622377]
[   3.84909889  -85.43625816   -1.84438694  -91.90783508    1.31662131
  203.73760347]
[   3.84909889  -85.43489212   -1.84299359  -91.90991145    1.31456137
  203.73896951]
[   3.84703874  -85.43625816   -1.84438694  -91.90922844    1.31662131
  203.73760347]
[   3.8477256   -85.43489212   -1.84506996  -91.90922844    1.31524801
  203.73967985]
[   3.84909889  -85.43352608   -1.84506996  -91.90922844    1.31662131
  203.73760347]
[   3.8477256   -85.43489212   -1.84370393  -91.91059447    1.31524801
  203.73760347]
[   3.84909889  -85.43489212   -1.84438694  -91.90922844    1.31730796
  203.73896951]
[   3.84841203  -85.43489212   -1.84299359  -91.9085181     1.31662131
  203.73622377]
[   3.84978533  -85.43489212   -1.84506996  -91.90922844    1.31456137
  203.73760347]
[   3.84703874  -85.43557514   -1.84506996  -91.90922844    1.31868125
  203.73828649]
[   3.84909889  -85.43352608   -1.84711902  -91.90991145    1.31593466
  203.73760347]
[   3.84703874  -85.43557514   -1.84506996  -91.9085181     1.31593466
  203.73622377]
[   3.84909889  -85.4342091    -1.846436    -91.90991145    1.31524801
  203.73760347]
[   3.84841203  -85.4342091    -1.84370393  -91.90991145    1.31662131
  203.73760347]
[   3.84703874  -85.43557514   -1.84575298  -91.91059447    1.31524801
  203.73828649]
[   3.84841203  -85.43489212   -1.84575298  -91.90922844    1.31730796
  203.73690679]
[   3.8477256   -85.43352608   -1.84506996  -91.90991145    1.31730796
  203.73554075]
[   3.8463523   -85.43557514   -1.84438694  -91.90991145    1.31730796
  203.73690679]
[   3.8477256   -85.43557514   -1.84370393  -91.90783508    1.31593466
  203.73760347]
[   3.8463523   -85.43352608   -1.84370393  -91.91059447    1.3179946
  203.73760347]
[   3.8477256   -85.43489212   -1.84438694  -91.90991145    1.31662131
  203.73622377]
[   3.84909889  -85.43557514   -1.84506996  -91.9085181     1.31662131
  203.73622377]
[   3.85047219  -85.43352608   -1.84506996  -91.91127749    1.31662131
  203.73828649]
[   3.84841203  -85.43489212   -1.84575298  -91.9085181     1.3179946
  203.73554075]
[   3.84703874  -85.43765152   -1.84370393  -91.90991145    1.3179946
  203.73760347]
[   3.84978533  -85.43557514   -1.84231057  -91.90991145    1.31662131
  203.73690679]
[   3.84841203  -85.43352608   -1.84438694  -91.90991145    1.31730796
  203.73690679]
[   3.8463523   -85.43557514   -1.84370393  -91.90991145    1.31868125
  203.73690679]
[   3.84841203  -85.43557514   -1.84438694  -91.90922844    1.31730796
  203.73416105]
[   3.84841203  -85.43284306   -1.84299359  -91.90991145    1.31662131
  203.73622377]
[   3.8477256   -85.43489212   -1.84438694  -91.90922844    1.31662131
  203.73622377]
[   3.8477256   -85.43489212   -1.84438694  -91.91059447    1.31593466
  203.73690679]
[   3.8477256   -85.43213272   -1.84438694  -91.90991145    1.31662131
  203.73485773]
[   3.84841203  -85.43213272   -1.84299359  -91.90991145    1.3179946
  203.73416105]
[   3.84909889  -85.4342091    -1.84370393  -91.90922844    1.31524801
  203.73828649]
[   3.84909889  -85.43557514   -1.84370393  -91.90922844    1.31593466
  203.73760347]
[   3.84703874  -85.43694118   -1.84438694  -91.90991145    1.31730796
  203.73760347]
[   3.8477256   -85.43557514   -1.84506996  -91.9085181     1.31593466
  203.73622377]
[   3.8477256   -85.43625816   -1.84438694  -91.91127749    1.3179946
  203.73554075]
[   3.8477256   -85.43557514   -1.84370393  -91.90991145    1.31662131
  203.73690679]
[   3.84841203  -85.43213272   -1.84575298  -91.90922844    1.3179946
  203.73690679]
[   3.84703874  -85.43765152   -1.84506996  -91.90991145    1.31593466
  203.73690679]
[   3.84841203  -85.43352608   -1.84231057  -91.90783508    1.31662131
  203.73760347]
[   3.84909889  -85.43489212   -1.84506996  -91.90991145    1.31730796
  203.73690679]
[   3.84841203  -85.43489212   -1.84299359  -91.90783508    1.31524801
  203.73690679]
[   3.84566544  -85.43213272   -1.84506996  -91.9085181     1.31593466
  203.73554075]
[   3.84841203  -85.43284306   -1.84299359  -91.91127749    1.3179946
  203.73622377]
[   3.8477256   -85.4342091    -1.84299359  -91.91264353    1.31662131
  203.73554075]
[   3.84841203  -85.4342091    -1.84575298  -91.90991145    1.31593466
  203.73760347]
[   3.84978533  -85.43284306   -1.846436    -91.90922844    1.31730796
  203.73485773]
[   3.84841203  -85.43557514   -1.84506996  -91.91059447    1.31662131
  203.73416105]
[   3.84566544  -85.43625816   -1.84438694  -91.91196051    1.3179946
  203.73760347]
[   3.84841203  -85.43557514   -1.84299359  -91.90991145    1.3193679
  203.73554075]
[   3.84841203  -85.43489212   -1.84438694  -91.90991145    1.3179946
  203.73690679]
[   3.8477256   -85.43147703   -1.84370393  -91.91059447    1.31730796
  203.73690679]
[   3.8477256   -85.43625816   -1.84231057  -91.91127749    1.31524801
  203.73760347]
[   3.84703874  -85.43557514   -1.84299359  -91.90991145    1.31730796
  203.73622377]
[   3.8477256   -85.4342091    -1.846436    -91.91127749    1.31593466
  203.73416105]
[   3.84909889  -85.43489212   -1.84506996  -91.91196051    1.31730796
  203.73485773]
[   3.85047219  -85.43489212   -1.84299359  -91.90991145    1.31524801
  203.73485773]
[   3.84566544  -85.4342091    -1.84370393  -91.91059447    1.31662131
  203.73622377]
[   3.85047219  -85.43557514   -1.84438694  -91.91059447    1.31593466
  203.73760347]
[   3.8477256   -85.43352608   -1.84438694  -91.91196051    1.31730796
  203.73554075]
[   3.84703874  -85.4342091    -1.84299359  -91.91059447    1.31662131
  203.73554075]
[   3.8477256   -85.43557514   -1.84575298  -91.90922844    1.31730796
  203.73690679]
[   3.8477256   -85.43489212   -1.84438694  -91.90991145    1.31730796
  203.73416105]
[   3.85047219  -85.43352608   -1.84438694  -91.90922844    1.31524801
  203.73760347]
[   3.84841203  -85.43213272   -1.84370393  -91.90991145    1.31524801
  203.73554075]
